32 move still live, it have:
{0: (9, 3, 8, 3), 1: (8, 2, 9, 2), 2: (7, 1, 8, 1), 3: (6, 2, 7, 2), 4: (5, 1, 6, 1), 5: (4, 2, 5, 2), 6: (3, 1, 4, 1), 7: (2, 2, 3, 2), 8: (1, 1, 2, 1), 9: (2, 1, 1, 1), 10: (3, 2, 2, 2), 11: (4, 1, 3, 1), 12: (5, 2, 4, 2), 13: (6, 1, 5, 1), 14: (7, 2, 6, 2), 15: (8, 1, 7, 1), 16: (9, 2, 8, 2), 17: (8, 3, 9, 3)}
 violations:
[(0, 1), (0, 2), (0, 17), (1, 15), (1, 16), (2, 14), (2, 15), (2, 16), (3, 13), (3, 14), (3, 15), (4, 12), (4, 13), (4, 14), (5, 11), (5, 12), (5, 13), (6, 10), (6, 11), (6, 12), (7, 9), (7, 10), (7, 11), (8, 9), (8, 10), (15, 17), (16, 17)]
 gate list:
[[8, 9], [7, 10], [6, 11], [5, 12], [4, 13], [3, 14], [2, 15], [1, 16], [0, 17]]
33 move still live, it have:
{0: (8, 3, 9, 3), 1: (9, 2, 8, 2), 2: (8, 1, 7, 1), 3: (7, 2, 6, 2), 4: (6, 1, 5, 1), 5: (5, 2, 4, 2), 6: (4, 1, 3, 1), 7: (3, 2, 2, 2), 8: (2, 1, 1, 1), 9: (1, 1, 2, 1), 10: (2, 2, 3, 2), 11: (3, 1, 4, 1), 12: (4, 2, 5, 2), 13: (5, 1, 6, 1), 14: (6, 2, 7, 2), 15: (7, 1, 8, 1), 16: (8, 2, 9, 2), 17: (9, 3, 8, 3)}
 violations:
[(0, 1), (0, 2), (0, 17), (1, 15), (1, 16), (2, 14), (2, 15), (2, 16), (3, 13), (3, 14), (3, 15), (4, 12), (4, 13), (4, 14), (5, 11), (5, 12), (5, 13), (6, 10), (6, 11), (6, 12), (7, 9), (7, 10), (7, 11), (8, 9), (8, 10), (15, 17), (16, 17)]
 gate list:
[[8, 9], [7, 10], [6, 11], [5, 12], [4, 13], [3, 14], [2, 15], [1, 16], [0, 17]]
36 move still live, it have:
{0: (8, 4, 7, 4), 1: (9, 3, 8, 3), 2: (8, 2, 9, 2), 3: (7, 1, 8, 1), 4: (6, 2, 7, 2), 5: (5, 1, 6, 1), 6: (4, 2, 5, 2), 7: (3, 1, 4, 1), 8: (2, 2, 3, 2), 9: (1, 1, 2, 1), 10: (2, 1, 1, 1), 11: (3, 2, 2, 2), 12: (4, 1, 3, 1), 13: (5, 2, 4, 2), 14: (6, 1, 5, 1), 15: (7, 2, 6, 2), 16: (8, 1, 7, 1), 17: (9, 2, 8, 2), 18: (8, 3, 9, 3), 19: (7, 4, 8, 4)}
 violations:
[(0, 2), (0, 3), (0, 4), (0, 18), (0, 19), (1, 2), (1, 3), (1, 18), (1, 19), (2, 16), (2, 17), (3, 15), (3, 16), (3, 17), (4, 14), (4, 15), (4, 16), (5, 13), (5, 14), (5, 15), (6, 12), (6, 13), (6, 14), (7, 11), (7, 12), (7, 13), (8, 10), (8, 11), (8, 12), (9, 10), (9, 11), (15, 19), (16, 18), (16, 19), (17, 18), (17, 19)]
 gate list:
[[9, 10], [8, 11], [7, 12], [6, 13], [5, 14], [4, 15], [3, 16], [2, 17], [1, 18], [0, 19]]
37 move still live, it have:
{0: (7, 4, 8, 4), 1: (8, 3, 9, 3), 2: (9, 2, 8, 2), 3: (8, 1, 7, 1), 4: (7, 2, 6, 2), 5: (6, 1, 5, 1), 6: (5, 2, 4, 2), 7: (4, 1, 3, 1), 8: (3, 2, 2, 2), 9: (2, 1, 1, 1), 10: (1, 1, 2, 1), 11: (2, 2, 3, 2), 12: (3, 1, 4, 1), 13: (4, 2, 5, 2), 14: (5, 1, 6, 1), 15: (6, 2, 7, 2), 16: (7, 1, 8, 1), 17: (8, 2, 9, 2), 18: (9, 3, 8, 3), 19: (8, 4, 7, 4)}
 violations:
[(0, 2), (0, 3), (0, 4), (0, 18), (0, 19), (1, 2), (1, 3), (1, 18), (1, 19), (2, 16), (2, 17), (3, 15), (3, 16), (3, 17), (4, 14), (4, 15), (4, 16), (5, 13), (5, 14), (5, 15), (6, 12), (6, 13), (6, 14), (7, 11), (7, 12), (7, 13), (8, 10), (8, 11), (8, 12), (9, 10), (9, 11), (15, 19), (16, 18), (16, 19), (17, 18), (17, 19)]
 gate list:
[[9, 10], [8, 11], [7, 12], [6, 13], [5, 14], [4, 15], [3, 16], [2, 17], [1, 18], [0, 19]]
40 move still live, it have:
{2: (9, 3, 8, 3), 3: (8, 2, 9, 2), 4: (7, 1, 8, 1), 5: (6, 2, 7, 2), 6: (5, 1, 6, 1), 7: (4, 2, 5, 2), 8: (3, 1, 4, 1), 9: (2, 2, 3, 2), 10: (1, 1, 2, 1), 11: (2, 1, 1, 1), 12: (3, 2, 2, 2), 13: (4, 1, 3, 1), 14: (5, 2, 4, 2), 15: (6, 1, 5, 1), 16: (7, 2, 6, 2), 17: (8, 1, 7, 1), 18: (9, 2, 8, 2), 19: (8, 3, 9, 3)}
 violations:
[(2, 3), (2, 4), (2, 19), (3, 17), (3, 18), (4, 16), (4, 17), (4, 18), (5, 15), (5, 16), (5, 17), (6, 14), (6, 15), (6, 16), (7, 13), (7, 14), (7, 15), (8, 12), (8, 13), (8, 14), (9, 11), (9, 12), (9, 13), (10, 11), (10, 12), (17, 19), (18, 19)]
 gate list:
[[10, 11], [9, 12], [8, 13], [7, 14], [6, 15], [5, 16], [4, 17], [3, 18], [2, 19]]
41 move still live, it have:
{2: (8, 3, 9, 3), 3: (9, 2, 8, 2), 4: (8, 1, 7, 1), 5: (7, 2, 6, 2), 6: (6, 1, 5, 1), 7: (5, 2, 4, 2), 8: (4, 1, 3, 1), 9: (3, 2, 2, 2), 10: (2, 1, 1, 1), 11: (1, 1, 2, 1), 12: (2, 2, 3, 2), 13: (3, 1, 4, 1), 14: (4, 2, 5, 2), 15: (5, 1, 6, 1), 16: (6, 2, 7, 2), 17: (7, 1, 8, 1), 18: (8, 2, 9, 2), 19: (9, 3, 8, 3)}
 violations:
[(2, 3), (2, 4), (2, 19), (3, 17), (3, 18), (4, 16), (4, 17), (4, 18), (5, 15), (5, 16), (5, 17), (6, 14), (6, 15), (6, 16), (7, 13), (7, 14), (7, 15), (8, 12), (8, 13), (8, 14), (9, 11), (9, 12), (9, 13), (10, 11), (10, 12), (17, 19), (18, 19)]
 gate list:
[[10, 11], [9, 12], [8, 13], [7, 14], [6, 15], [5, 16], [4, 17], [3, 18], [2, 19]]
